#Datasets: 2 O-16(n,el),da 2026-09-04 23:08:40
#EndfSectID: 24013073 O-16(n,el),da
#Label: INDEN-Oct2022 Ei1.41E+7
#     Ang(deg)   DA(mb/sr)    dDA(mb/sr)     dDA(%)
1     180.0      28.105999999999998 3.6256741999999997 12.9
2     164.684    24.398       3.1473422      12.9
3     158.3      20.967       2.704743       12.9
4     153.373    18.079       2.332191       12.9
5     149.194    15.351       1.9802790000000001 12.9
6     145.491    13.039       1.6820311000000001 12.9
7     142.122    10.82        1.3957800999999999 12.9
8     139.004    8.980699999999999 1.1585103      12.9
9     136.083    7.4663       0.96315274     12.9
10    133.322    6.314        0.814506       12.9
11    131.992    5.8857       0.7592554      12.9
12    131.664    5.8012999999999995 0.74836775     12.9
13    130.692    5.5567       0.7168143      12.9
14    129.42     5.3403       0.6888987      12.9
15    128.173    5.2451       0.6766179      12.9
16    127.558    5.208        0.671832       12.9
17    126.874    5.2237       0.6738573      12.9
18    125.749    5.3205       0.6863445      12.9
19    124.568    5.540299999999999 0.7146987499999999 12.9
20    123.406    5.885        0.75916504     12.9
21    122.832    6.0667       0.78260433     12.9
22    121.135    6.831799999999999 0.8813022      12.9
23    118.926    8.2281       1.061425       12.9
24    116.772    9.9736       1.2865944      12.9
25    114.668    12.083       1.558707       12.9
26    112.607    14.456       1.8648241      12.9
27    108.598    19.866000000000003 2.5627143      12.9
28    104.713    25.738       3.3202022      12.9
29    100.928    31.615       4.078335       12.9
30    97.2201    37.111       4.787319       12.9
31    93.5722    41.934       5.409486       12.9
32    89.9678    45.905       5.921745       12.9
33    86.3916    48.933       6.3123572999999995 12.9
34    82.8294    50.983000000000004 6.576807199999999 12.9
35    79.267     52.023       6.7109675      12.9
36    75.6898    51.977000000000004 6.7050336      12.9
37    72.0825    50.705       6.5409453      12.9
38    68.428     48.029       6.1957412000000005 12.9
39    64.7071    43.836       5.654844499999999 12.9
40    60.8969    38.309999999999995 4.9419900000000005 12.9
41    56.9694    32.321000000000005 4.169409       12.9
42    54.9508    29.817       3.8463932      12.9
43    52.8885    28.041       3.617289       12.9
44    51.8391    27.727       3.5767832      12.9
45    50.7763    27.786       3.584394       12.9
46    49.699     28.458000000000002 3.671082       12.9
47    49.3592    28.868000000000002 3.723972       12.9
48    48.6063    29.825       3.847425       12.9
49    47.4968    32.033       4.1322573      12.9
50    46.653     34.588       4.4618524      12.9
51    45.7984    37.323       4.8146676      12.9
52    45.3669    39.258       5.0642819999999995 12.9
53    44.0543    45.448       5.8627925      12.9
54    42.8631    52.882       6.821778       12.9
55    41.9534    60.143       7.7584474      12.9
56    41.0285    67.747       8.7393625      12.9
57    40.5601    72.572       9.361789       12.9
58    39.1289    87.759       11.320910999999999 12.9
59    37.8212    104.66       13.50114       12.9
60    35.7886    136.3        17.5827        12.9
61    33.6562    176.82999999999998 22.81107       12.9
62    32.1693    209.67       27.047431      12.9
63    29.8209    269.09       34.712613000000005 12.9
64    27.2977    342.72999999999996 44.21217       12.9
65    25.4928    404.1        52.128904      12.9
66    23.5633    467.90999999999997 60.36039       12.9
67    22.5418    506.90999999999997 65.3914        12.9
68    19.1772    628.9200000000001 81.13068       12.9
69    13.517     835.43       107.77048      12.9
70    0.0        1096.6       141.46142      12.9
#//
#EndfSectID: 19009723 O-16(n,el),da
#Label: JENDL-5 Ei1.41E+7
#     Ang(deg)   DA(mb/sr)    dDA(mb/sr)     dDA(%)
1     180.0      19.677       4.9381345      25.1
2     169.8      19.869999999999997 4.8600900000000005 24.46
3     169.18     19.833       4.850343       24.46
4     165.677    19.697       4.78464        24.29
5     163.852    19.676       4.743308       24.11
6     161.622    19.308       4.686275       24.27
7     159.549    19.021       4.6268899999999995 24.33
8     158.3      18.637       4.5881816      24.62
9     155.716    17.89        4.5011993      25.16
10    154.911    17.668       4.4722219999999995 25.31
11    153.939    17.25        4.436058500000001 25.72
12    151.473    16.206000000000003 4.3386062999999995 26.77
13    150.981    16.005       4.3181954      26.98
14    149.194    15.035       4.2413943000000005 28.21
15    147.294    14.006       4.155214       29.67
16    145.933    13.265       4.090667       30.84
17    144.336    12.395       4.0119872      32.37
18    143.982    12.191       3.994122       32.76
19    142.122    11.138       3.8977673      35.0
20    140.536    10.229000000000001 3.8123584999999998 37.27
21    138.671    9.1485       3.7081933      40.53
22    138.257    8.9359       3.6845335      41.23
23    136.083    7.8222       3.5571617      45.48
24    133.622    6.7475       3.4068064000000002 50.49
25    133.322    6.6441       3.3880433      50.99
26    131.266    5.9354000000000005 3.2569752000000003 54.87
27    130.692    5.8          3.2196268      55.51
28    129.001    5.3938       3.1077361      57.62
29    126.815    5.1296       2.9590942      57.69
30    125.748    5.1374       2.8849635      56.16
31    124.698    5.1343       2.8110368      54.75
32    122.641    5.4044       2.6634987      49.28
33    121.135    5.8082       2.5532935      43.96
34    120.639    5.9357999999999995 2.5166074999999997 42.4
35    118.684    6.702299999999999 2.3701983      35.36
36    116.772    7.7122       2.2243399      28.84
37    114.9      8.927900000000001 2.0791315      23.29
38    113.062    10.353       1.9344002      18.68
39    112.607    10.775       1.898259       17.62
40    109.477    13.745000000000001 1.6465142      11.98
41    108.598    14.735       1.5749004999999998 10.69
42    105.996    17.752       1.360803       7.67
43    104.713    19.400000000000002 1.2541742999999999 6.46
44    102.599    22.22        1.0771363999999999 4.85
45    100.928    24.562       0.9361484      3.81
46    99.2713    26.985       0.7955803300000001 2.95
47    97.2201    29.995       0.62063104     2.07
48    95.9983    31.875       0.5160298000000001 1.62
49    93.5722    35.465       0.30767647000000004 0.87
50    92.768     36.714999999999996 0.23847180999999998 0.65
51    89.9678    40.734       0.0027755284   0.01
52    89.5693    41.332       0.037120455000000004 0.09
53    86.3916    45.56        0.31079043     0.68
54    83.225     49.239       0.58255525     1.18
55    82.8294    49.599       0.6163984      1.24
56    80.0594    52.167       0.8524556      1.63
57    79.267     52.678000000000004 0.9196414      1.75
58    76.8848    54.153       1.1205102      2.07
59    75.6898    54.525999999999996 1.2205664999999999 2.24
60    73.6905    54.994       1.3867558      2.52
61    72.0825    54.847       1.5192038      2.77
62    70.4652    54.483       1.6512099      3.03
63    68.428     53.345       1.8156044      3.4
64    67.1962    52.435       1.9139061      3.65
65    64.7071    49.804       2.1097972      4.24
66    63.869     48.75        2.1748778      4.46
67    60.8969    44.26        2.401823       5.43
68    60.4669    43.536       2.434136       5.59
69    56.9694    37.315       2.6917122      7.21
70    53.3509    31.407999999999998 2.9476348      9.38
71    52.8885    30.878       2.9795126      9.65
72    51.4864    29.357999999999997 3.0749779999999998 10.47
73    50.7763    28.915       3.1226284      10.8
74    50.1796    28.597       3.1622984      11.06
75    49.699     28.508       3.1940003      11.2
76    49.5784    28.496000000000002 3.2019205000000004 11.24
77    48.6063    28.96        3.2652395      11.27
78    47.621     29.537       3.328459       11.27
79    47.4968    29.708       3.3363586      11.23
80    46.653     30.966       3.38961        10.95
81    46.6215    31.018       3.391584       10.93
82    45.607     33.329       3.4546005      10.37
83    45.3669    34.050999999999995 3.4693566000000002 10.19
84    44.7141    36.111999999999995 3.5091683000000002 9.72
85    44.5762    36.562       3.5175204      9.62
86    44.0543    38.830999999999996 3.5489441      9.14
87    42.9967    43.583       3.6117166999999997 8.29
88    42.8631    44.387       3.6195593      8.15
89    41.9534    50.041000000000004 3.6724352      7.34
90    41.3729    53.726000000000006 3.7056934      6.9
91    41.2612    54.601       3.7120495      6.8
92    40.263     62.592999999999996 3.7682203000000003 6.02
93    40.206     63.147999999999996 3.7713935999999997 5.97
94    39.1289    73.859       3.8306501      5.19
95    38.552     79.734       3.8618327000000003 4.84
96    37.8212    88.88        3.9007713      4.39
97    36.8163    101.65       3.9532776      3.89
98    36.7786    102.14       3.9552236      3.87
99    35.5569    120.72       4.017362       3.33
100   35.2655    125.86       4.0319148      3.2
101   33.6562    154.66       4.1103945      2.66
102   32.1693    186.56       4.1800250000000005 2.24
103   31.6605    197.64000000000001 4.2032073      2.13
104   30.2677    231.79       4.2649669999999995 1.84
105   29.8209    244.13000000000002 4.284247       1.75
106   28.0663    293.0        4.3574283      1.49
107   27.2977    317.28000000000003 4.388202       1.38
108   25.699     367.49       4.4496767      1.21
109   25.4928    375.05       4.4573545      1.19
110   22.5418    480.33       4.5608613      0.95
111   22.1916    492.52000000000004 4.572347       0.93
112   19.1772    611.36       4.664103       0.76
113   18.0675    652.79       4.694644       0.72
114   13.5169    828.24       4.801353000000001 0.58
115   12.7394    854.53       4.816573       0.56
116   0.0        1107.1       4.9381345      0.45
#//
